3
8 8 8
5 8
58 34 30 23 12 44 18 30
4 62 26 42 64 39 44 25
64 34 6 10 0 25 46 34
42 3 62 48 20 25 25 41
35 30 4 33 35 39 41 38
7 43 37 3 0 25 20 23
20 59 18 43 1 14 16 11
17 50 12 19 59 48 7 4
4 5 4
2 6 4
5 1 2
8 8 3
5 6 2
8 2 2
5 2 1
3 5 2
8 8 8
1 8
7 9 1 60 5 49 19 27
38 25 18 1 52 43 22 0
20 35 39 43 10 17 34 43
21 50 13 34 64 57 24 48
64 18 14 40 62 11 3 58
64 22 60 15 5 16 59 8
1 61 19 9 13 53 50 14
5 30 7 13 44 25 15 63
2 3 2
2 7 2
4 6 2
2 8 2
5 8 2
4 7 2
5 2 5
6 3 1
3 3 4
2 2
1 2 3
4 5 6
7 8 9
1 2 1
2 1 1
2 3 1
3 2 1
